function [n,w,d,D,L] = inductordata

% data for 50 inductors
% 
% n is the number of turns
% w is the wire width (microm)
% d is the inner diameter (microm)
% D is the outer diameter (microm)
% L is the measured inductance (nH)
 
n = [ 3.7500
    4.2500
    9.2500
    4.5000
    5.7500
   12.0000
    7.0000
    6.0000
    8.0000
    4.0000
   11.0000
    8.0000
    6.0000
    3.0000
    5.0000
    9.0000
   16.0000
    6.0000
    3.0000
    4.0000
    2.0000
    2.0000
    3.0000
    9.2500
    4.0000
    8.0000
    6.0000
    3.5000
    4.5000
    5.5000
    6.5000
    7.5000
    9.2500
    6.7500
    2.5000
    4.2500
    7.0000
    3.0000
    9.0000
    8.0000
    5.0000
    9.0000
    3.2500
    4.5000
    3.0000
    5.7500
    3.0000
    4.0000
    6.0000
    8.0000 ];

w = [ 22.4000
   21.0000
    6.0000
   17.6000
   12.0000
    3.2000
   13.0000
   24.0000
    5.0000
    5.0000
    9.0000
   14.0000
   19.0000
   19.0000
   24.0000
    6.5000
    5.0000
    9.0000
    9.0000
   14.0000
   14.0000
   19.0000
   24.0000
    5.2000
   16.0000
   10.0000
   15.0000
   10.0000
   10.0000
   10.0000
   10.0000
   10.0000
    5.2000
   13.0000
   13.0000
   13.0000
   15.0000
   20.0000
    6.5000
    6.0000
    7.0000
    7.0000
   25.0000
   23.0000
   18.0000
    9.5000
   90.0000
   16.0000
   16.0000
   16.0000];

d = [ 165.4500;
  132.8500
   64.3500
  221.9000
   82.0500
   57.0000
   34.0000
   42.0000
  164.0000
  236.0000
   22.0000
   20.0000
   32.0000
  170.0000
   28.0000
   25.0000
   20.0000
  152.0000
  230.0000
  164.0000
  236.0000
  216.0000
  140.0000
   15.8000
   38.0000
   80.0000
   75.0000
  177.5000
  115.5000
   75.5000
   44.5000
   20.5000
   15.8000
   34.0000
  204.0000
   34.0000
   30.0000
  210.0000
    5.0000
   46.0000
   44.0000
   44.0000
  150.5000
   51.0000
  168.0000
   23.7500
  136.0000
   74.0000
  100.0000
  136.0000];

D = [ 345
   325
   210
   395
   240
   180
   300
   400
   300
   300
   300
   300
   300
   300
   300
   230
   300
   300
   300
   300
   300
   300
   300
   145
   226
   310
   285
   255
   216
   199
   191
   190
   145
   290
   290
   190
   300
   410
   210
   226
   154
   250
   340
   300
   300
   190
   700
   262
   392
   532];

L = [ 5.2000
    5.5000
   13.7000
   10.2000
    6.5000
   20.1000
    7.6000
    7.3000
   23.5000
    9.7000
   17.3000
    9.0000
    5.5000
    3.5000
    3.7000
    9.6000
   36.6000
   12.3000
    5.2000
    5.9000
    2.4000
    2.1000
    2.8000
    6.4000
    2.1000
   13.9000
    7.2000
    5.2000
    5.3000
    5.3000
    5.3000
    5.5000
    6.2000
    7.0000
    3.1000
    2.1000
    7.4000
    4.3000
    7.5000
    9.1000
    2.8000
   12.1000
    3.6000
    3.5000
    3.4000
    3.4000
    3.9000
    3.1000
    9.8000
   23.8000];
