function [t, y]  = logistic_fit;

% logistic fit

t = [  1.5241787e+00
   1.6785718e-01
   2.1378655e+00
   2.3164441e+00
   7.3888151e-01
   3.3100070e+00
   3.3080806e+00
   1.9586034e+00
   2.3600216e+00
   2.1921031e+00
   1.7946206e+00
   2.7983696e+00
   1.3528518e+00
   4.4015044e+00
   1.8499645e+00
   2.1253244e+00
   3.1734450e+00
   2.0652096e+00
   1.8947868e+00
   1.0844156e+00
   2.3238519e+00
   5.3019996e-01
   2.7857570e+00
   3.7859183e+00
   1.2390467e+00
   2.9437963e+00
   3.3794016e+00
   2.4689747e-01
   4.1493912e-01
   2.6282624e+00
   1.5601259e+00
   2.7589971e+00
   2.8971845e+00
   2.7830992e+00
   3.4192747e+00
   2.7354606e+00
   3.3099219e+00
   6.7729717e-01
   1.9782315e+00
   1.8276110e+00
   2.3550588e-01
   2.2830347e+00
   8.3787978e-01
   3.5566556e+00
   1.1144006e+00
   2.5816173e+00
   2.2412527e+00
   9.8590821e-01
  -3.8774194e-01
   1.9348934e+00 ];

y = [ 2.5834193e-01
   3.7271620e-02
   5.7865415e-01
   6.8699264e-01
   8.6139566e-02
   9.1926669e-01
   9.3950122e-01
   4.5913120e-01
   6.7222632e-01
   5.9392275e-01
   3.9873104e-01
   8.2520496e-01
   2.3702656e-01
   9.5438195e-01
   4.3410381e-01
   5.8024898e-01
   9.2730586e-01
   5.4411581e-01
   4.4839292e-01
   1.5164088e-01
   6.6787084e-01
   4.5117440e-02
   8.2044996e-01
   9.6674632e-01
   1.4967825e-01
   8.6380072e-01
   9.4277749e-01
   3.5432373e-02
   6.9175871e-02
   7.7140779e-01
   3.0569462e-01
   8.3622390e-01
   8.7627990e-01
   8.0739914e-01
   9.4896447e-01
   8.1795499e-01
   9.1197255e-01
   5.1431850e-02
   5.1076336e-01
   4.1201930e-01
   3.6296196e-02
   6.3961544e-01
   7.6425873e-02
   9.4624703e-01
   1.5426637e-01
   7.4292189e-01
   6.3396296e-01
   1.2765465e-01
   1.0000000e-02
   4.6218048e-01 ];
