function [t, y]  = logistic_gn;

t = [ ...
  -2.0000000e+00
  -1.8775510e+00
  -1.7551020e+00
  -1.6326531e+00
  -1.5102041e+00
  -1.3877551e+00
  -1.2653061e+00
  -1.1428571e+00
  -1.0204082e+00
  -8.9795918e-01
  -7.7551020e-01
  -6.5306122e-01
  -5.3061224e-01
  -4.0816327e-01
  -2.8571429e-01
  -1.6326531e-01
  -4.0816327e-02
   8.1632653e-02
   2.0408163e-01
   3.2653061e-01
   4.4897959e-01
   5.7142857e-01
   6.9387755e-01
   8.1632653e-01
   9.3877551e-01
   1.0612245e+00
   1.1836735e+00
   1.3061224e+00
   1.4285714e+00
   1.5510204e+00
   1.6734694e+00
   1.7959184e+00
   1.9183673e+00
   2.0408163e+00
   2.1632653e+00
   2.2857143e+00
   2.4081633e+00
   2.5306122e+00
   2.6530612e+00
   2.7755102e+00
   2.8979592e+00
   3.0204082e+00
   3.1428571e+00
   3.2653061e+00
   3.3877551e+00
   3.5102041e+00
   3.6326531e+00
   3.7551020e+00
   3.8775510e+00
   4.0000000e+00 ];
y = [ ...
   1.7333344e-02
   1.9496008e-03
   1.7132827e-02
   1.7606738e-02
   8.9580760e-03
   8.8780704e-03
   2.2465813e-02
   8.5186193e-03
   2.0155494e-02
   4.6059146e-03
   4.1092212e-02
   1.7461411e-02
   1.4760460e-02
   2.1748804e-02
   2.9895548e-02
   2.3397295e-02
   1.0853667e-02
   1.7466518e-02
   6.6120229e-02
   8.9914634e-03
   7.7300703e-02
   7.4990366e-02
   8.5713285e-02
   1.5564963e-01
   2.3864693e-01
   3.1610234e-01
   3.9161656e-01
   4.8555183e-01
   5.8234957e-01
   6.2521006e-01
   7.4792096e-01
   8.1387084e-01
   8.5288825e-01
   8.6703521e-01
   8.9773163e-01
   9.6193100e-01
   9.7851650e-01
   9.4478442e-01
   9.6148346e-01
   9.6329442e-01
   9.8160668e-01
   9.8638325e-01
   9.7326316e-01
   9.8765698e-01
   9.6668307e-01
   9.9288195e-01
   9.7253235e-01
   9.9537634e-01
   9.9113508e-01
   9.8481829e-01 ];
