function xcor = lsdenoising;

% denoising using least-squares

xcor= [-1.0814120288205518e-02
  -4.1605052740093837e-02
   3.2715248856760313e-03
   7.5028631164788607e-03
  -2.8109069085382493e-02
   3.0636322645762416e-02
   3.0972134938109852e-02
   7.5055854814081065e-04
   1.0390701656280667e-02
   7.1598707056462823e-03
  -1.2199887883335759e-03
   2.2314474460617056e-02
  -9.7482675885801184e-03
   6.0396956391977591e-02
   3.3325691983876471e-03
   1.0583136663927760e-02
   3.5463401916533965e-02
   1.1402235547457949e-02
   8.7213366061623075e-03
  -8.4378296635544969e-03
   2.1055198711046795e-02
  -1.8320305232613680e-02
   3.4396571555645399e-02
   5.8646223473901610e-02
   2.3455668572549722e-03
   4.2736295128855573e-02
   5.4346004242625263e-02
  -1.5074986413043397e-02
  -9.4213747602923462e-03
   4.2777595812504891e-02
   2.0459091203081675e-02
   4.9724099630980727e-02
   5.4942702152024493e-02
   5.4487296836005519e-02
   7.1142142903908134e-02
   5.7855474194405843e-02
   7.3223597553789557e-02
   1.5760376756949787e-02
   4.7752536501237501e-02
   4.6810446915612688e-02
   1.3162282934735751e-02
   6.2287299132053449e-02
   3.2086644727792948e-02
   9.6573542698674145e-02
   4.3816290666716301e-02
   7.9961908771905565e-02
   7.5076585928930545e-02
   4.9445918069311888e-02
   2.1175326795568161e-02
   7.6959237991931051e-02
   5.6217008769477439e-02
   9.9934664806192564e-02
   1.0040229742813965e-01
   1.3319978556199574e-01
   1.0889504328377918e-01
   8.1289811609647156e-02
   1.1019669149362372e-01
   7.8809866237488438e-02
   1.0693946575224569e-01
   1.0965022174908189e-01
   1.1432339666596532e-01
   1.0987949692352170e-01
   1.4874084772405954e-01
   7.8090876847150381e-02
   1.3925419516358256e-01
   1.5458263924369572e-01
   1.5413973248826499e-01
   1.5401737562297069e-01
   1.4431391184915837e-01
   1.6399733191013538e-01
   1.6508450789718263e-01
   1.4828955631664381e-01
   1.4908836613561741e-01
   1.5499693321019842e-01
   1.2940829766617101e-01
   1.6435153552626033e-01
   1.7709905287403668e-01
   1.8596465728924946e-01
   2.1815771952446691e-01
   1.7728918307599853e-01
   2.0565475911501141e-01
   2.1407617467889820e-01
   2.2166279604919384e-01
   1.7739223642875757e-01
   2.1156163248979776e-01
   2.1628511440385945e-01
   1.8923121131263884e-01
   1.9997017150965027e-01
   2.4968225186628593e-01
   2.2344739661583549e-01
   2.4059716331574912e-01
   2.3716916636342719e-01
   2.2320509445529013e-01
   2.2922634905616215e-01
   2.5843151549481214e-01
   2.2771643902742775e-01
   2.7511560749294361e-01
   2.7392911138549852e-01
   2.4327707901066614e-01
   2.6128923688405670e-01
   2.4233790389441279e-01
   2.2106950110316242e-01
   3.0487223260979590e-01
   2.7132411099445319e-01
   2.9653910133264172e-01
   2.9825882272912413e-01
   2.9698292491137523e-01
   2.7537175363646205e-01
   2.8079986140405189e-01
   2.9910882208068623e-01
   2.8279516778385327e-01
   2.8999809844054231e-01
   3.5714044477737816e-01
   3.2563309743162433e-01
   2.9769475956972030e-01
   3.3096121482145757e-01
   3.0762236619043076e-01
   3.0591184144149203e-01
   3.3690168554425964e-01
   3.7102282492778305e-01
   3.5412967315237293e-01
   3.7102193615736334e-01
   3.2907967103040325e-01
   3.5039206962586100e-01
   3.5894430543624101e-01
   3.3873960106109063e-01
   3.3960951032967668e-01
   3.9936578898803149e-01
   3.7981823099324780e-01
   3.6682102988644216e-01
   4.0646524815313989e-01
   3.9544380493491349e-01
   3.6819805953403639e-01
   4.2967736820258839e-01
   4.0662674661017822e-01
   4.3951841682356035e-01
   4.3410634992934838e-01
   3.9161526020860288e-01
   3.7943537800425781e-01
   4.1287673053343538e-01
   4.0935116487794482e-01
   3.9939093594786856e-01
   4.3573971132138423e-01
   4.6326905200736657e-01
   4.1510282920143116e-01
   4.1024947604827139e-01
   4.2785865273565343e-01
   4.5313541635414301e-01
   4.1769092885395959e-01
   4.1144155405500016e-01
   4.4084798208013520e-01
   4.4452362891623226e-01
   4.6053984873708675e-01
   4.3571115279716177e-01
   4.4898646342577109e-01
   4.4392715313105080e-01
   4.5481786516621359e-01
   4.9712179968745257e-01
   4.4545884080655185e-01
   4.2875017181810526e-01
   4.7591692665009311e-01
   4.4327546168004239e-01
   4.6837749905984039e-01
   4.5334111316352044e-01
   4.8389568425977203e-01
   4.8574608181801915e-01
   4.6817638494692115e-01
   4.2318607279644727e-01
   4.7906415358127419e-01
   5.1670953145345078e-01
   5.0341166848577923e-01
   4.3943571873979015e-01
   4.7790227246750783e-01
   4.6367867234701099e-01
   4.5588539562440072e-01
   4.5134700715628412e-01
   4.9005979292988899e-01
   4.7266764304581599e-01
   4.8528237062956986e-01
   4.7510385984123082e-01
   4.7301569058991555e-01
   4.9417908383305215e-01
   5.0330267573047849e-01
   5.3801541766599825e-01
   4.5131986670443680e-01
   4.5965286663888405e-01
   5.1105454467913392e-01
   4.7517889556618031e-01
   4.5013194820107505e-01
   4.9221627323625949e-01
   5.2274722778204541e-01
   5.0112624715107212e-01
   5.3180049782059124e-01
   4.9484064061750538e-01
   5.2812573491257275e-01
   4.7222688760381226e-01
   4.5136165423342695e-01
   4.7363635302956847e-01
   5.0765328621816541e-01
   4.4889918607273088e-01
   4.9151813703681713e-01
   4.5935763182136119e-01
   4.8685413219939355e-01
   4.4418518523765227e-01
   4.7236294023557140e-01
   4.1855658068851165e-01
   4.5472669562708523e-01
   4.7691431620493219e-01
   4.5557348336745773e-01
   4.9267452792897060e-01
   4.4406753996740667e-01
   3.9973533297600738e-01
   4.2501830765723830e-01
   4.8007193391214859e-01
   4.4864990303347979e-01
   4.5868954745971363e-01
   4.7047149824313067e-01
   3.9144291672682408e-01
   4.2585367521783973e-01
   4.2181062692806970e-01
   4.1134320994261053e-01
   4.2955452001230943e-01
   4.6937380571972531e-01
   4.2756193820079857e-01
   4.5631662422979652e-01
   4.0526648358185952e-01
   4.1983515085985523e-01
   3.9698501469301106e-01
   4.2807660146756893e-01
   4.0390488844233197e-01
   4.1890720268711079e-01
   4.2026389275963083e-01
   3.9819636468193564e-01
   4.1891696385026089e-01
   4.5089268923997233e-01
   4.0268966187123378e-01
   3.8563329803549073e-01
   4.0505265069920499e-01
   3.7986144340775785e-01
   3.4696842109930981e-01
   3.8290911222539131e-01
   3.6671813017040944e-01
   3.5595532572233585e-01
   3.9073638202106614e-01
   4.0132203483974660e-01
   3.3753351952331329e-01
   3.4899302393753251e-01
   3.2197643108286228e-01
   3.5489012676209114e-01
   2.7442810767919434e-01
   3.5391255105841329e-01
   3.3020307295422291e-01
   3.2679813063323859e-01
   3.4607469379605993e-01
   3.0431094781184964e-01
   3.0324633250769006e-01
   2.7016830230501787e-01
   2.5565682437566595e-01
   2.7493540453379350e-01
   2.9478568789961018e-01
   2.6943604794268916e-01
   2.4479487020616311e-01
   3.0008247396144350e-01
   2.5056175977765827e-01
   2.6314782272369802e-01
   2.5844418344167353e-01
   2.4723303393723012e-01
   2.5835845059455276e-01
   2.3679077245654123e-01
   1.9671090960659757e-01
   2.0748104673570683e-01
   2.3415233924839818e-01
   1.9150621475389426e-01
   2.0906498070067506e-01
   1.8901260042148843e-01
   1.7796515451797276e-01
   1.7656395163707322e-01
   1.8679640267799882e-01
   1.9590870818042647e-01
   1.8337769487007607e-01
   2.0758300269849186e-01
   1.6953169336154961e-01
   1.3240234632473519e-01
   1.6524798905846522e-01
   1.6144329582898265e-01
   1.6221843135787048e-01
   1.6143965794750456e-01
   1.7552921575651936e-01
   1.2451011810904118e-01
   1.3935065434628252e-01
   1.2712366257655322e-01
   1.0756802638539212e-01
   1.7010399563735179e-01
   1.0487882638489862e-01
   7.0706520056751404e-02
   1.4482643855016517e-01
   1.0334665140453053e-01
   6.1872193536267231e-02
   1.0000440503168713e-01
   1.1089614338836967e-01
   5.1416144124180843e-02
   7.1873050281846554e-02
   5.9706149684731508e-02
   2.8798958743804323e-02
   8.2192899194648589e-02
