a = [  4.5241380e+00
   3.3837307e-01
   2.8184648e+00
   1.7815150e+00
   4.1994886e+00
   3.7923416e+00
   1.5844128e+00
  -9.9503347e-01
   3.8658781e+00
   1.7078034e+00
   2.7856838e+00
   4.3039290e+00
   4.4501691e+00
   3.2133845e+00
   1.9587458e-01
   1.5243849e+00
   4.4750435e+00
   4.7134680e+00
   1.5844108e+00
   4.5486737e+00
  -3.2383252e-02
   7.6273893e-01
   3.7006973e+00
  -1.1574420e+00
  -5.4820062e-01
   7.8899561e-02
   2.1337087e-01
   2.6568957e+00
   6.6301612e-01
   4.1166204e-01
  -9.8196144e-01
   3.3896113e+00
   1.5725128e+00
   4.7818596e+00
   1.7808352e+00
   1.9470842e+00
   4.0772172e+00
   2.0973557e+00
   1.9360890e-02
   2.4735522e+00
   3.8925682e+00
  -5.2187581e-01
   2.9538992e+00
   1.4338598e+00
   4.1166350e+00
   1.6413744e+00
   3.3923685e+00
   1.4559051e+00
   7.2376219e-01
  -9.2920721e-02
  -9.8787351e-02
   3.1327397e+00
   8.7204852e-01
   2.1312775e+00
  -9.8522619e-02
   2.9340590e+00
   1.5967443e+00
   4.3018716e+00
   4.3238934e+00
   2.5308270e+00
   1.8346368e+00
   4.1251569e+00
   4.1007219e+00
   2.8456406e+00
   4.4692977e+00
   2.9341643e+00
   8.0943624e-01
   9.3609290e-01
   8.8589010e-01
   2.3410378e+00
   3.1387333e+00
   7.2186392e-01
   3.8748653e+00
   2.6517900e+00
   1.2377087e+00
   3.2429231e+00
   2.1888885e+00
   2.1653392e+00
   3.3340562e+00
   2.5165386e+00
   4.1776861e+00
   4.7506537e+00
   2.0060902e+00
   4.0810577e+00
  -6.3913025e-02
   4.6339534e+00
   5.8985859e-01
   7.3611535e-01
   4.6276739e+00
   3.6368448e+00
  -2.9050402e-01
  -9.1842658e-01
   4.6003229e+00
  -2.8041337e-02
   1.0504251e+00
   3.3610622e+00
   6.6180266e-01
   1.7853554e+00
  -3.8195700e-01
   4.7570196e+00 ];
b =[  -1.2356626e+00
  -7.4975021e-01
  -1.3297026e+00
  -1.6716730e+00
  -1.8468763e+00
  -2.0354095e+00
  -7.5550847e-01
   1.4902562e-01
  -2.9013676e+00
  -1.5226525e+00
  -6.3724533e-01
  -1.5821025e+00
  -1.5348489e+00
  -9.8448541e-01
  -8.2028312e-02
  -2.0583333e+00
  -1.0166850e+00
  -1.3325046e+00
  -1.5971375e+00
  -2.5616077e+00
  -9.8918945e-02
  -6.8589110e-01
  -2.0644911e+00
   2.1662526e-01
  -1.0418077e+00
  -6.5834414e-01
  -3.6374990e-01
  -1.0384855e+00
  -9.8339691e-01
  -2.5127485e-01
  -3.0327553e-01
  -1.7144100e+00
  -5.1287419e-01
  -2.6187549e+00
  -7.2108408e-01
  -3.6085297e-01
  -1.4653641e+00
  -1.6235328e+00
  -6.4961081e-01
  -1.3724448e+00
  -2.5201927e+00
   3.9935101e-01
  -1.9569559e+00
  -1.1274982e+00
  -1.7416102e+00
  -1.7448600e+00
  -1.4360023e+00
  -4.1283160e-01
  -9.8835438e-01
  -9.6803336e-01
  -1.3110977e+00
  -1.7445631e+00
  -1.3279936e+00
  -6.3281596e-01
  -5.3695693e-01
  -1.5031730e+00
  -1.9347602e+00
  -2.8559946e+00
  -1.4561247e+00
  -1.0949599e+00
  -9.9342047e-01
  -1.1755900e+00
  -2.2077312e+00
  -6.9384953e-01
  -1.4243222e+00
  -1.3692815e+00
  -7.8960456e-01
  -1.5111367e+00
  -7.5606350e-01
  -2.0895984e+00
  -2.0943709e+00
  -6.9176937e-01
  -2.5339267e+00
  -9.5327173e-01
  -1.2682943e+00
  -1.9731692e+00
  -1.8255348e+00
  -1.5465780e+00
  -1.3956933e+00
  -1.4289097e+00
  -1.8530694e+00
  -2.4097000e+00
  -1.1333136e+00
  -2.1241602e+00
  -1.1726448e+00
  -2.5341579e+00
  -6.1506976e-01
  -1.2284613e+00
  -1.8804491e+00
  -1.1149614e+00
   2.3862782e-01
   2.5836210e-01
  -6.1086317e-01
  -1.6242218e+00
  -9.3392579e-01
  -2.1105728e+00
  -1.3159646e+00
  -1.5520883e+00
  -9.0383606e-01
  -2.0507324e+00 ];
